1 0 2
2 0 2
3 0 1
4 0 1
5 0 1
6 0 1
7 0 2
8 3 4
9 5 1
10 12 1
11 18 4
12 27 1
13 29 3
14 33 2
15 41 1
16 42 1
17 44 1
18 53 1
19 62 2
20 65 1
21 66 1
22 72 4
23 78 2
24 84 1
25 89 4
26 95 2
27 100 2
28 108 3
29 112 1
30 114 1
31 118 1
32 126 1
33 133 1
34 134 1
35 139 1
36 143 1
37 147 1
38 151 4
39 158 1
40 167 1
41 167 2
42 167 1
43 168 1
44 177 2
45 179 1
46 187 1
47 193 1
48 196 1
49 198 1
50 203 1
51 212 1
52 217 1
53 222 3
54 225 1
55 230 1
56 237 3
57 241 1
58 247 3
59 255 3
-1
